BMI: 18.078512396694215 - Underweight
BMI: 12.121212121212123 - Underweight
